23585
22891
23233
22889
23017
22943
23162
23161
23653
23624
22866
22483
23583
22881
22481
23459
23061
23078
23458
23580
23623
23621
23589
23163
23463
23582
23015
23165
22879
22878
22874
22734
23060
23659
23386
23166
22946
23590
22897
22888
23575
23065
23652
22944
23626
23586
23596
22896
22877
23570
22478
23631
23148
23635
23629
23164
22898
22477
23630
23016
22892
23149
22871
22865
23571
23632
22887
23581
23655
23159
22945
22872
22894
23150
23597
22895
23457
23018
23622
23515
23147
22893
23063
23027
22873
23064
22482
23062
22906
22882
22890
22883
22880
23628
23625
23627
23585
23585
22868
23423
22875
23300
23302
23425
22867
23295
21014
23427
22876
23663
23426
22869
23298
23301
23429
22870
23297
23299
23654
23428
23584
23591
23711
23709
23710
23712
23713
23743
23744
23845
23853
23824
23752
23862
23859
23864
23803
23835
23838
23801
23751
23829
23856
23842
23757
23797
23850
23851
23828
23844
23755
23806
23758
23852
23825
23861
23756
23841
23796
23795
23834
23860
23836
23832
23802
23833
23863
23804
23857
23855
23827
23826
23830
23750
23843
23865
23807
23837
23866
23799
23858
23854
23754
23800
23867
23753
23839
23840
23831
23808
23961
23974
23977
23981
23975
23967
23966
23976
23978
23960
23973
23959
23979
23980
24052
24019
24023
24049
24051
24024
24048
24050
24020
24047
24063
24053
24065
24066
24064
24083
24095
24097
24094
24185
24186
24289
24287
24225
24300
24221
24226
24288
24266
24227
24286
24224
24261
24260
24263
24265
24264
24262
24222
24223
24302
24301
24375
24373
24374
24441
24455
24591
24609
24645
24593
24508
24614
24644
24615
24607
24606
24641
24525
24611
24514
24646
24505
24530
24594
24643
24531
24640
24513
24680
24608
24647
24636
24634
24509
24631
24632
24595
24610
24592
24524
24510
24596
24612
24557
24642
24633
24635
24679
24656
24532
24556
24529
24526
24703
24701
24702
24700
24780
24757
24760
24758
24767
24766
24761
24768
24762
24779
24756
24763
24764
24819
24845
24820
24847
24897
24918
24908
24926
24893
24899
24933
24929
24934
24921
24905
24931
24924
24895
24904
24919
24906
24913
24900
24907
24901
24910
24916
24932
24935
24930
24915
24909
24902
24925
24912
24928
24923
24914
24922
24894
24917
24903
24920
24896
24898
25005
25062
25061
25013
25065
25068
25014
25056
25019
25054
25152
25059
25018
25030
25029
25053
25012
25066
25060
25063
25008
25020
25055
25007
25006
25011
25031
25016
25015
25057
25010
25064
25058
25028
25296
25294
25297
25303
25300
25302
25301
25295
25298
25293
25304
25299
25392
25391
25390
25393
25514
25504
25512
25507
25498
25502
25501
25515
25517
25510
25522
25519
25520
25506
25505
25508
25509
25516
25511
25499
25500
25496
25497
25513
25503
25529
25537
25531
25538
25536
25540
25528
25534
25533
25535
25539
25530
25532
25547
25550
25549
25548
25567
25565
25563
25564
25566
25606
25617
25603
25608
25615
25609
25610
25602
25607
25605
25604
25611
25616
25614
25613
25612
25706
25707
25708
25709
25719
25717
25723
25722
25720
25716
25721
25718
25755
25748
25750
25751
25745
25756
25746
25754
25743
25747
25757
25760
25749
25763
25744
25758
25752
25753
25759
25762
25742
24424
24769
25785
24021
24436
22884
25783
25562
25595
24422
23296
25784
25546
24927
25786
24512
25561
25518
25801
25799
25803
25800
25798
25802
25796
25804
25807
25806
25797
25805
25822
25825
25824
25823
25853
25917
25919
25914
25913
25915
25912
25916
25918
25954
25956
25955
25957
25970
25961
25963
25971
25638
25670
25682
25038
25069
25469
25697
25677
20487
25348
25702
25895
20609
22494
25841
25671
23815
24677
22447
25630
22367
22001
25082
25347
25926
20608
25944
25934
25871
25890
25527
25837
25524
22424
22490
25639
22446
25869
25631
23822
25034
22381
25676
25482
25924
25525
25196
22423
23171
24598
21970
22377
21969
25965
23421
24936
25480
25819
24889
25902
25907
25951
25040
25920
25815
25437
25344
23383
25622
24891
24997
25921
25472
22427
23382
22410
25678
24882
25072
22475
25587
23106
25704
25573
21966
25725
25928
24600
22379
24887
22384
25004
25821
25933
25263
22373
22012
25002
25927
25486
25669
25586
25884
25471
25080
25580
25081
22376
25627
25905
25675
22474
22374
25195
25808
25584
25893
25073
25484
22409
25840
25599
25870
25673
24878
25039
24999
25695
23814
25589
23379
24890
25487
25490
21968
25935
23409
22411
23821
25001
21995
25696
25003
25923
22415
22043
24752
25787
25836
25860
25811
25835
25041
20247
22323
22487
24675
25930
21999
23420
22402
22963
25483
22000
24876
25813
25929
25035
22488
25337
24604
22400
22489
25672
21965
25891
25592
25831
25864
25701
25817
25468
23820
25032
22491
23823
24602
24555
23819
25863
25037
22324
24875
25932
23173
22382
25780
25812
24605
25922
25583
25968
22369
24751
23172
25854
25950
25838
22393
20666
25962
24673
25341
25839
25070
22426
25967
23817
25623
25904
24554
25908
25887
25668
24658
25936
22389
22429
25667
25581
25969
25886
25625
25862
25345
25071
25488
25699
25947
25867
24879
25036
25909
25288
25892
25620
25820
25700
25479
24880
24601
25788
25694
25703
25834
25828
25033
24874
25861
25949
22964
24599
25481
25948
25588
24659
22386
25338
22422
25689
25888
22045
22399
22002
25632
25624
25906
22479
22403
25829
20486
24998
25901
22392
25042
22383
25903
22380
25814
25945
25570
25526
25683
25626
22370
25197
25827
21967
22003
25826
25698
25866
25833
23813
25724
24877
25340
25810
22390
22044
22416
25894
25946
25693
22368
25470
22428
25674
25910
24676
25952
25684
25931
25865
24597
25353
22378
25680
24884
24888
25953
25816
22391
25818
25000
22041
23381
25349
25083
25621
24674
22425
25346
24886
25925
24603
23380
25633
23816
25681
25582
25478
24996
22385
25830
25889
25629
25842
25489
22372
25832
24881
22042
25640
24657
22430
24885
25885
23658
25569
26031
26037
26034
26038
26032
26033
26101
26107
26118
26109
26104
26103
26117
26108
26110
26143
26125
26142
26123
26126
26145
26127
26140
26146
26141
26139
26124
26147
26197
26199
26198
26201
26200
26233
26231
26223
26226
26230
26235
26229
26225
26224
26236
26222
26232
26234
26228
26227
26328
26338
26336
26330
26329
26333
26327
26331
26347
26343
26344
26345
26346
26433
26435
26434
26400
26436
26438
26437
26439
26447
26450
26446
26449
26528
26526
26527
26555
26553
26554
26575
26569
26573
26570
26572
26571
26574
26591
26592
26590
26618
26624
26637
26640
26654
26653
26651
26652
26650
26678
26664
26677
26727
26725
26726
26731
26752
26753
26764
26761
26759
26767
26774
26766
26765
26769
26778
26768
26849
26852
26854
26850
26851
26853
26858
26859
26861
26856
26860
25017
24911
24892
25009
25761
24187
25067
23460
22524
22464
22595
22584
22463
22523
22583
22465
22522
26879
26878
22594
26886
26883
26888
26885
26887
26884
26877
24483
24485
25990
24502
26950
26954
26958
26953
26957
26956
26952
26951
26983
26985
26984
26982
27001
27005
27000
27004
27003
27002
26999
27048
27045
27041
27042
27047
27046
27043
27044
27053
27094
27095
27093
27096
27092
27102
27097
27098
27100
27099
27101
27111
27107
27118
27113
27108
27114
27112
27146
27138
27137
27142
27139
27140
27141
27143
27172
27171
27163
27164
27167
27170
27169
27165
27166
27168
27188
27189
27195
27190
27193
27192
27194
27191
27201
27199
27204
27202
27203
27205
27200
27229
27228
27241
27244
27238
27236
27242
27240
27234
27237
27243
27235
27272
27270
27271
27273
27309
27313
27311
27310
27312
27315
27318
27317
27316
27319
27322
27323
27325
27326
27324
27331
27330
27373
27391
27387
27390
27392
27389
27388
27393
27400
27401
27397
27402
27404
27395
27405
27403
27396
27408
27407
27433
27429
27431
27428
27430
27427
27432
27444
27443
27459
27456
27460
27458
27475
27473
27472
27469
27474
27476
27470
27471
27477
27579
27575
27580
27578
27577
27576
27582
27583
27584
27586
27587
27581
27585
27595
27597
27593
27596
27598
27594
27615
27616
27611
27620
27612
27614
27619
27613
27641
27633
27636
27645
27637
27640
27634
27638
27632
27642
27635
27643
27626
27639
27627
27644
27647
27648
27653
27656
27654
27655
27706
27722
27723
27707
27725
27727
27724
27726
27728
27733
27734
27731
27735
27730
27729
27732
